0.6756 0.6756 0.6756 0.6756 0.6756 0.668  0.669  0.6735 0.677  0.6745
 0.67   0.6665 0.661  0.6575 0.6665 0.6468 0.6468 0.6468 0.6468 0.64680.67   0.67   0.67   0.67   0.67   0.68   0.6775 0.686  0.677  0.686
 0.6985 0.682  0.689  0.68   0.6675 0.6588 0.6588 0.6588 0.6588 0.65880.6976 0.6976 0.6976 0.6976 0.6976 0.669  0.6725 0.6835 0.687  0.69
 0.6715 0.669  0.656  0.656  0.6595 0.624  0.624  0.624  0.624  0.624 0.6824 0.6824 0.6824 0.6824 0.6824 0.693  0.6815 0.67   0.6615 0.651
 0.651  0.6515 0.649  0.651  0.643  0.6252 0.6252 0.6252 0.6252 0.62520.692  0.692  0.692  0.692  0.692  0.671  0.677  0.6775 0.673  0.6695
 0.672  0.6715 0.6755 0.671  0.6655 0.6524 0.6524 0.6524 0.6524 0.65240.6844 0.6844 0.6844 0.6844 0.6844 0.684  0.6875 0.704  0.693  0.6915
 0.673  0.663  0.6455 0.636  0.6535 0.65   0.65   0.65   0.65   0.65  0.6952 0.6952 0.6952 0.6952 0.6952 0.6855 0.686  0.678  0.679  0.6745
 0.6595 0.6535 0.6475 0.6565 0.663  0.656  0.656  0.656  0.656  0.656 0.6776 0.6776 0.6776 0.6776 0.6776 0.665  0.67   0.668  0.6645 0.669
 0.661  0.646  0.6445 0.642  0.651  0.6668 0.6668 0.6668 0.6668 0.66680.676  0.676  0.676  0.676  0.676  0.6745 0.674  0.674  0.672  0.667
 0.6635 0.6525 0.65   0.646  0.6335 0.6224 0.6224 0.6224 0.6224 0.62240.6948 0.6948 0.6948 0.6948 0.6948 0.6955 0.687  0.692  0.694  0.6845
 0.68   0.6605 0.6535 0.657  0.6565 0.646  0.646  0.646  0.646  0.646 