0.696  0.696  0.696  0.696  0.696  0.68   0.6815 0.69   0.6935 0.709
 0.703  0.695  0.701  0.6975 0.7125 0.7125 0.694  0.692  0.6795 0.678
 0.689  0.6895 0.6905 0.6905 0.677  0.674  0.661  0.655  0.6635 0.6625
 0.674  0.677  0.668  0.6595 0.6505 0.6525 0.654  0.6585 0.659  0.6475
 0.6515 0.643  0.6415 0.65   0.648  0.652  0.6515 0.6465 0.6375 0.632
 0.6275 0.6185 0.622  0.624  0.626  0.6365 0.6365 0.6325 0.631  0.622
 0.619  0.6035 0.594  0.595  0.5845 0.597  0.602  0.589  0.596  0.5925
 0.5945 0.5975 0.5995 0.5965 0.591  0.5828 0.5828 0.5828 0.5828 0.58280.7    0.7    0.7    0.7    0.7    0.7095 0.7075 0.7035 0.7075 0.699
 0.6975 0.696  0.706  0.707  0.715  0.7245 0.7085 0.7015 0.688  0.6805
 0.6895 0.6885 0.696  0.697  0.687  0.685  0.6835 0.6775 0.68   0.6805
 0.6805 0.6825 0.6785 0.672  0.671  0.658  0.6515 0.6495 0.647  0.6485
 0.6475 0.6465 0.635  0.6365 0.639  0.643  0.643  0.635  0.636  0.6355
 0.647  0.653  0.644  0.6415 0.634  0.6415 0.6475 0.6425 0.639  0.635
 0.624  0.613  0.6075 0.603  0.6015 0.609  0.607  0.609  0.608  0.6135
 0.6155 0.604  0.6065 0.5835 0.5845 0.5848 0.5848 0.5848 0.5848 0.58480.7004 0.7004 0.7004 0.7004 0.7004 0.693  0.6985 0.697  0.711  0.724
 0.7075 0.702  0.6935 0.6925 0.6905 0.693  0.6945 0.693  0.7005 0.6915
 0.6905 0.6925 0.684  0.691  0.682  0.6655 0.6655 0.661  0.6635 0.6665
 0.6715 0.6775 0.67   0.669  0.6725 0.6625 0.66   0.669  0.647  0.645
 0.6555 0.64   0.6465 0.6425 0.63   0.636  0.629  0.622  0.622  0.6205
 0.625  0.635  0.6345 0.635  0.632  0.636  0.6325 0.6245 0.637  0.6285
 0.626  0.627  0.608  0.6045 0.6065 0.609  0.6165 0.6065 0.607  0.597
 0.6015 0.607  0.609  0.615  0.601  0.5816 0.5816 0.5816 0.5816 0.58160.7084 0.7084 0.7084 0.7084 0.7084 0.725  0.724  0.71   0.7135 0.7115
 0.7125 0.7235 0.717  0.698  0.698  0.6765 0.6745 0.685  0.68   0.689
 0.68   0.6725 0.6675 0.6755 0.675  0.675  0.6805 0.6685 0.664  0.6695
 0.6555 0.6555 0.6585 0.657  0.6665 0.6825 0.688  0.679  0.6735 0.6465
 0.639  0.635  0.6305 0.6375 0.6275 0.631  0.6275 0.623  0.6185 0.607
 0.6025 0.5995 0.604  0.6095 0.606  0.6065 0.602  0.5975 0.595  0.5895
 0.589  0.5845 0.5845 0.5805 0.5725 0.571  0.558  0.5645 0.564  0.5655
 0.5755 0.577  0.575  0.575  0.572  0.5624 0.5624 0.5624 0.5624 0.56240.7016 0.7016 0.7016 0.7016 0.7016 0.695  0.691  0.6875 0.6895 0.697
 0.6995 0.709  0.702  0.6955 0.695  0.6805 0.6705 0.666  0.664  0.673
 0.6735 0.6835 0.6905 0.678  0.69   0.674  0.6755 0.673  0.6605 0.67
 0.6655 0.673  0.6835 0.6715 0.667  0.6625 0.6565 0.662  0.6575 0.6515
 0.644  0.642  0.6395 0.6295 0.624  0.631  0.6335 0.64   0.647  0.642
 0.6355 0.6375 0.6345 0.6265 0.621  0.615  0.6075 0.602  0.603  0.592
 0.5915 0.5885 0.579  0.5795 0.573  0.5795 0.589  0.5905 0.596  0.5845
 0.5865 0.591  0.5815 0.585  0.5745 0.5736 0.5736 0.5736 0.5736 0.57360.7056 0.7056 0.7056 0.7056 0.7056 0.699  0.6985 0.6915 0.693  0.6875
 0.6875 0.691  0.686  0.6945 0.687  0.6755 0.6825 0.6805 0.6905 0.7045
 0.6925 0.6845 0.69   0.6955 0.714  0.714  0.703  0.6905 0.6745 0.686
 0.6775 0.6845 0.6905 0.6775 0.684  0.674  0.6675 0.6585 0.662  0.66
 0.658  0.665  0.653  0.6525 0.644  0.642  0.65   0.6535 0.6495 0.655
 0.653  0.652  0.6605 0.6515 0.645  0.6395 0.6365 0.6305 0.6245 0.623
 0.6125 0.6105 0.6125 0.6155 0.619  0.625  0.62   0.609  0.618  0.6145
 0.6155 0.617  0.61   0.6035 0.6085 0.6056 0.6056 0.6056 0.6056 0.6056