0.6816 0.6816 0.6816 0.6816 0.6816 0.671  0.673  0.6815 0.6875 0.681
 0.6845 0.684  0.6785 0.6865 0.684  0.68   0.68   0.68   0.68   0.68  0.69   0.69   0.69   0.69   0.69   0.6925 0.694  0.6805 0.6715 0.646
 0.647  0.645  0.6435 0.656  0.6515 0.6424 0.6424 0.6424 0.6424 0.64240.6904 0.6904 0.6904 0.6904 0.6904 0.687  0.68   0.6835 0.69   0.6715
 0.6695 0.667  0.664  0.674  0.6735 0.6508 0.6508 0.6508 0.6508 0.65080.67   0.67   0.67   0.67   0.67   0.67   0.6625 0.6575 0.635  0.638
 0.6345 0.6295 0.6405 0.6395 0.6395 0.626  0.626  0.626  0.626  0.626 0.6764 0.6764 0.6764 0.6764 0.6764 0.672  0.665  0.6665 0.6635 0.6615
 0.677  0.681  0.687  0.685  0.6825 0.688  0.688  0.688  0.688  0.688 0.72   0.72   0.72   0.72   0.72   0.709  0.7005 0.6945 0.6785 0.667
 0.6665 0.668  0.6785 0.687  0.6785 0.6436 0.6436 0.6436 0.6436 0.64360.686  0.686  0.686  0.686  0.686  0.689  0.693  0.6955 0.6875 0.6915
 0.6745 0.664  0.6615 0.6625 0.661  0.6536 0.6536 0.6536 0.6536 0.65360.704  0.704  0.704  0.704  0.704  0.694  0.692  0.6925 0.6875 0.686
 0.693  0.6845 0.6795 0.6655 0.654  0.6384 0.6384 0.6384 0.6384 0.63840.6868 0.6868 0.6868 0.6868 0.6868 0.7135 0.712  0.703  0.6865 0.6845
 0.679  0.6805 0.688  0.6975 0.6965 0.69   0.69   0.69   0.69   0.69  0.6884 0.6884 0.6884 0.6884 0.6884 0.6865 0.68   0.673  0.6685 0.667
 0.6675 0.664  0.6665 0.6645 0.6565 0.6448 0.6448 0.6448 0.6448 0.6448